     2.10           N: GPS NAV DATA                         RINEX VERSION / TYPE
TPP 2.5                                 2014-02-27 23:59:59 PGM / RUN BY / DATE 
DOMES: 12241M001                                            COMMENT             
                                                            COMMENT             
                                                            COMMENT             
     .2608E-07   .7451E-08  -.1192E-06   .1192E-06          ION ALPHA           
     .1331E+06  -.1638E+05   .0000E+00  -.5898E+06          ION BETA            
     .279396772385E-08 -.888178419700E-15   405504     1781 DELTA-UTC: A0,A1,T,W
    16                                                      LEAP SECONDS        
                                                            END OF HEADER       
01 14 02 27 20  0  0.0  .152923166752E-05  .204636307899E-11  .000000000000E+00
     .240000000000E+02 -.510937500000E+02  .406516933062E-08  .205620428395E+01
    -.257045030594E-05  .274188141339E-02  .139605253935E-04  .515369603157E+04
     .417600000000E+06 -.260770320892E-07 -.680415077562E-01  .391155481339E-07
     .961249538965E+00  .106875000000E+03  .360134762247E+00 -.781853995929E-08
     .313941648358E-09  .100000000000E+01  .178100000000E+04  .000000000000E+00
     .200000000000E+01  .000000000000E+00  .651925802231E-08  .240000000000E+02
     .410418000000E+06  .000000000000E+00  .000000000000E+00  .000000000000E+00
02 14 02 28  0  0  0.0  .481123570353E-03  .216004991671E-11  .000000000000E+00
     .300000000000E+02 -.545312500000E+02  .451483091797E-08 -.147609174873E+01
    -.290386378765E-05  .132763237925E-01  .137276947498E-04  .515357219124E+04
     .432000000000E+06  .305473804474E-06 -.957950284189E-01 -.208616256714E-06
     .939775899907E+00  .102843750000E+03 -.247574154871E+01 -.787532803902E-08
     .191436545529E-09  .100000000000E+01  .178100000000E+04  .000000000000E+00
     .200000000000E+01  .000000000000E+00 -.200234353542E-07  .300000000000E+02
     .424818000000E+06  .000000000000E+00  .000000000000E+00  .000000000000E+00
03 14 02 25  7 59 44.0  .330375973135E-03  .500222085975E-11  .000000000000E+00
     .000000000000E+00 -.130968750000E+03  .499306512406E-08  .282765409693E+01
    -.681914389133E-05  .167574572843E-01  .819005072117E-05  .515377799225E+04
     .201584000000E+06  .180676579475E-06 -.126735845566E+01 -.184401869774E-06
     .937172271455E+00  .206031250000E+03  .136665214337E+01 -.811176645906E-08
    -.176793078427E-09  .100000000000E+01  .178100000000E+04  .000000000000E+00
     .200000000000E+01  .000000000000E+00 -.465661287308E-08  .000000000000E+00
     .196248000000E+06  .000000000000E+00  .000000000000E+00  .000000000000E+00
04 14 02 28  0  0  0.0  .582495704293E-05  .227373675443E-12  .000000000000E+00
     .270000000000E+02 -.515312500000E+02  .461912097636E-08  .193115775503E+01
    -.276416540146E-05  .105773179093E-01  .147037208080E-04  .515370895386E+04
     .432000000000E+06 -.109896063805E-06 -.797028768819E-01 -.188127160072E-06
     .938796745430E+00  .854062500000E+02  .108092365338E+01 -.805926427213E-08
     .168578450541E-09  .100000000000E+01  .178100000000E+04  .000000000000E+00
     .200000000000E+01  .000000000000E+00 -.605359673500E-08  .270000000000E+02
     .424818000000E+06  .000000000000E+00  .000000000000E+00  .000000000000E+00
05 14 02 28  0  0  0.0 -.386633910239E-03  .170530256582E-11  .000000000000E+00
     .810000000000E+02  .573437500000E+02  .512699927438E-08  .772939028470E+00
     .305101275444E-05  .351352675352E-02  .639073550701E-05  .515379727364E+04
     .432000000000E+06 -.130385160446E-07  .970910351525E+00  .372529029846E-07
     .947495241700E+00  .248218750000E+03  .371490058189E+00 -.846642408912E-08
     .612168356412E-09  .100000000000E+01  .178100000000E+04  .000000000000E+00
     .200000000000E+01  .000000000000E+00 -.102445483208E-07  .810000000000E+02
     .424818000000E+06  .000000000000E+00  .000000000000E+00  .000000000000E+00
06 14 02 28  0  0  0.0  .291812699288E-03  .139834810398E-10  .000000000000E+00
     .430000000000E+02 -.985937500000E+02  .522843207090E-08  .606897157920E+00
    -.530667603016E-05  .861832813825E-02  .298954546452E-05  .515368421364E+04
     .432000000000E+06  .121071934700E-06 -.118778209925E+01  .204890966415E-07
     .943625753160E+00  .307281250000E+03 -.170752477006E+00 -.879036615403E-08
    -.537165232231E-09  .100000000000E+01  .178100000000E+04  .000000000000E+00
     .200000000000E+01  .630000000000E+02 -.512227416039E-08  .430000000000E+02
     .429942000000E+06  .000000000000E+00  .000000000000E+00  .000000000000E+00
07 14 02 27 18  0  0.0  .318564474583E-03  .420641299570E-11  .000000000000E+00
     .990000000000E+02  .501875000000E+02  .400516683127E-08  .400123973192E+00
     .266358256340E-05  .704396539368E-02  .130273401737E-04  .515365229988E+04
     .410400000000E+06  .614672899246E-07  .309241359608E+01  .596046447754E-07
     .974383520928E+00  .132250000000E+03 -.283681050411E+01 -.781996859022E-08
    -.190365072327E-09  .100000000000E+01  .178100000000E+04  .000000000000E+00
     .280000000000E+01  .000000000000E+00 -.107102096081E-07  .990000000000E+02
     .403218000000E+06  .000000000000E+00  .000000000000E+00  .000000000000E+00
08 14 02 27 18  0  0.0  .120787881315E-04  .113686837722E-12  .000000000000E+00
     .620000000000E+02  .736875000000E+02  .344871508140E-08 -.187819360619E+00
     .376440584660E-05  .135035300627E-01  .124145299196E-04  .515350163460E+04
     .410400000000E+06  .109896063805E-06 -.309342340893E+01  .894069671631E-07
     .997548170400E+00  .159906250000E+03 -.278722082744E+01 -.769174896365E-08
    -.764317551180E-10  .100000000000E+01  .178100000000E+04  .000000000000E+00
     .570000000000E+01  .000000000000E+00 -.419095158577E-08  .620000000000E+02
     .403218000000E+06  .000000000000E+00  .000000000000E+00  .000000000000E+00
09 14 02 27 18  0  0.0  .308639369905E-03  .284217094304E-11  .000000000000E+00
     .138000000000E+03  .487500000000E+02  .368979655198E-08  .151757136014E+01
     .214949250221E-05  .169386031339E-01  .131558626890E-04  .515369695473E+04
     .410400000000E+06  .147148966789E-06  .307133102428E+01 -.407919287682E-06
     .982937798345E+00  .132937500000E+03  .177219849411E+01 -.756638659894E-08
    -.181078971237E-09  .100000000000E+01  .178100000000E+04  .000000000000E+00
     .280000000000E+01  .000000000000E+00 -.605359673500E-08  .138000000000E+03
     .403218000000E+06  .000000000000E+00  .000000000000E+00  .000000000000E+00
10 14 02 28  0  0  0.0 -.116147100925E-03 -.159161572810E-11  .000000000000E+00
     .450000000000E+02  .563750000000E+02  .539379610183E-08  .114699904020E+01
     .293739140034E-05  .134557774290E-01  .612996518612E-05  .515370207596E+04
     .432000000000E+06 -.135973095894E-06  .988687211225E+00  .633299350739E-07
     .942281988296E+00  .252656250000E+03  .858652631974E+00 -.875893627342E-08
     .470019578202E-09  .100000000000E+01  .178100000000E+04  .000000000000E+00
     .280000000000E+01  .000000000000E+00 -.279396772385E-08  .450000000000E+02
     .424818000000E+06  .000000000000E+00  .000000000000E+00  .000000000000E+00
11 14 02 27 18  0  0.0 -.467921141535E-03 -.318323145621E-11  .000000000000E+00
     .760000000000E+02 -.961875000000E+02  .593274712273E-08  .609809630322E+00
    -.505521893501E-05  .147863973398E-01  .120140612125E-04  .515370679283E+04
     .410400000000E+06 -.214204192162E-06 -.385219621898E+00 -.223517417908E-07
     .890524698591E+00  .114187500000E+03  .126667693918E+01 -.895108713442E-08
    -.116433421348E-09  .100000000000E+01  .178100000000E+04  .000000000000E+00
     .200000000000E+01  .000000000000E+00 -.116415321827E-07  .760000000000E+02
     .403218000000E+06  .000000000000E+00  .000000000000E+00  .000000000000E+00
12 14 02 28  0  0  0.0  .189129728824E-03  .238742359215E-11  .000000000000E+00
     .520000000000E+02  .101093750000E+03  .428446417942E-08 -.308491402701E+01
     .509247183800E-05  .490737019572E-02  .418722629547E-05  .515366641808E+04
     .432000000000E+06 -.162050127983E-06 -.212958744982E+01 -.447034835815E-07
     .986658508116E+00  .309656250000E+03  .348741332419E+00 -.814498212834E-08
     .335728270144E-09  .100000000000E+01  .178100000000E+04  .000000000000E+00
     .200000000000E+01  .000000000000E+00 -.121071934700E-07  .520000000000E+02
     .424818000000E+06  .000000000000E+00  .000000000000E+00  .000000000000E+00
13 14 02 28  0  0  0.0  .252020545304E-04 -.386535248253E-11  .000000000000E+00
     .640000000000E+02 -.527187500000E+02  .444125642473E-08 -.362296324650E+00
    -.300630927086E-05  .525390857365E-02  .816211104393E-05  .515362092781E+04
     .432000000000E+06  .204890966415E-07  .212747632298E+01 -.372529029846E-08
     .978185081792E+00  .230500000000E+03  .219508501618E+01 -.809819446516E-08
    -.532879339421E-09  .100000000000E+01  .178100000000E+04  .000000000000E+00
     .200000000000E+01  .000000000000E+00 -.111758708954E-07  .640000000000E+02
     .427338000000E+06  .000000000000E+00  .000000000000E+00  .000000000000E+00
14 14 02 28  0  0  0.0  .194658059627E-03 -.318323145621E-11  .000000000000E+00
     .620000000000E+02 -.618750000000E+02  .468948104999E-08 -.565485234273E-01
    -.332668423653E-05  .726785091683E-02  .762194395065E-05  .515362230301E+04
     .432000000000E+06 -.968575477600E-07  .209624148300E+01  .391155481339E-07
     .970750935879E+00  .241343750000E+03 -.199136096966E+01 -.831070331701E-08
    -.516092925913E-09  .100000000000E+01  .178100000000E+04  .000000000000E+00
     .200000000000E+01  .000000000000E+00 -.884756445885E-08  .620000000000E+02
     .424818000000E+06  .000000000000E+00  .000000000000E+00  .000000000000E+00
15 14 02 27 20  0  0.0 -.165484845638E-03 -.204636307899E-11  .000000000000E+00
     .870000000000E+02 -.589062500000E+02  .550844373451E-08 -.273130112472E+01
    -.311993062496E-05  .622541317716E-02  .668875873089E-05  .515364909554E+04
     .417600000000E+06 -.178813934326E-06  .198726206192E+01 -.122934579849E-06
     .937281545584E+00  .240437500000E+03  .258293221304E+00 -.854392731744E-08
    -.536450916763E-09  .100000000000E+01  .178100000000E+04  .000000000000E+00
     .200000000000E+01  .000000000000E+00 -.102445483208E-07  .870000000000E+02
     .410418000000E+06  .000000000000E+00  .000000000000E+00  .000000000000E+00
16 14 02 28  0  0  0.0 -.229778699577E-03  .159161572810E-11  .000000000000E+00
     .710000000000E+02  .881250000000E+02  .435768151493E-08  .984878787812E+00
     .483728945255E-05  .758002372459E-02  .296719372272E-05  .515354074669E+04
     .432000000000E+06  .745058059692E-07 -.211106534308E+01  .856816768646E-07
     .987267757905E+00  .331437500000E+03  .149374574233E+00 -.831534636755E-08
     .172507185617E-09  .100000000000E+01  .178100000000E+04  .000000000000E+00
     .200000000000E+01  .000000000000E+00 -.977888703346E-08  .710000000000E+02
     .428322000000E+06  .000000000000E+00  .000000000000E+00  .000000000000E+00
17 14 02 27 22  0  0.0 -.721043907106E-04 -.329691829393E-11  .000000000000E+00
     .720000000000E+02 -.117437500000E+03  .464197907135E-08 -.103076396677E+01
    -.604428350925E-05  .917418987956E-02  .478327274323E-05  .515374935913E+04
     .424800000000E+06  .165775418282E-06 -.107731545956E+01  .230967998505E-06
     .967665438304E+00  .291687500000E+03 -.212501118167E+01 -.848642492223E-08
    -.572166690182E-09  .100000000000E+01  .178100000000E+04  .000000000000E+00
     .280000000000E+01  .000000000000E+00 -.102445483208E-07  .720000000000E+02
     .417618000000E+06  .000000000000E+00  .000000000000E+00  .000000000000E+00
18 14 02 27 23 59 44.0  .304452609271E-03  .227373675443E-11  .000000000000E+00
     .400000000000E+01  .633437500000E+02  .565094967045E-08  .166087869376E+01
     .320374965668E-05  .148041596403E-01  .620074570179E-05  .515366989326E+04
     .431984000000E+06 -.391155481339E-06  .967510126143E+00 -.219792127609E-06
     .926069744351E+00  .240781250000E+03 -.205832580629E+01 -.880250951700E-08
     .641098132882E-09  .100000000000E+01  .178100000000E+04  .000000000000E+00
     .200000000000E+01  .000000000000E+00 -.107102096081E-07  .400000000000E+01
     .430818000000E+06  .000000000000E+00  .000000000000E+00  .000000000000E+00
19 14 02 27 18  0  0.0 -.441585667431E-03 -.238742359215E-11  .000000000000E+00
     .240000000000E+02 -.135000000000E+03  .446411451972E-08  .237505695214E+01
    -.692903995514E-05  .996717810631E-02  .547617673874E-05  .515358740807E+04
     .410400000000E+06 -.106170773506E-06 -.102607878291E+01 -.484287738800E-07
     .964854811333E+00  .278593750000E+03  .405492170102E+00 -.829463121897E-08
    -.431803700643E-09  .100000000000E+01  .178100000000E+04  .000000000000E+00
     .200000000000E+01  .000000000000E+00 -.149011611938E-07  .240000000000E+02
     .403218000000E+06  .000000000000E+00  .000000000000E+00  .000000000000E+00
20 14 02 27 22  0  0.0  .165563542396E-03  .341060513165E-11  .000000000000E+00
     .610000000000E+02  .623125000000E+02  .571702385128E-08  .112692381770E+01
     .315904617310E-05  .593862798996E-02  .612810254097E-05  .515355852127E+04
     .424800000000E+06 -.707805156708E-07  .914399400222E+00 -.223517417908E-07
     .927062607833E+00  .240687500000E+03  .131393422119E+01 -.883608234401E-08
     .635026451401E-09  .100000000000E+01  .178100000000E+04  .000000000000E+00
     .200000000000E+01  .000000000000E+00 -.791624188423E-08  .610000000000E+02
     .417618000000E+06  .000000000000E+00  .000000000000E+00  .000000000000E+00
21 14 02 28  0  0  0.0 -.346487388015E-03 -.227373675443E-11  .000000000000E+00
     .180000000000E+02 -.607187500000E+02  .457161899771E-08  .269668129565E+01
    -.315718352795E-05  .211405473528E-01  .137370079756E-04  .515380376625E+04
     .432000000000E+06  .156462192535E-06 -.778304499964E-01 -.240281224251E-06
     .932690267893E+00  .958437500000E+02 -.205941270468E+01 -.767210528827E-08
     .148934775160E-09  .100000000000E+01  .178100000000E+04  .000000000000E+00
     .200000000000E+01  .000000000000E+00 -.111758708954E-07  .180000000000E+02
     .424818000000E+06  .000000000000E+00  .000000000000E+00  .000000000000E+00
22 14 02 27 20  0  0.0  .216240994632E-03  .272848410532E-11  .000000000000E+00
     .610000000000E+02  .541250000000E+02  .591238913188E-08 -.980175241399E+00
     .300444662571E-05  .682221516035E-02  .530481338501E-05  .515372367287E+04
     .417600000000E+06  .316649675369E-07  .969696384067E+00  .162050127983E-06
     .923828616759E+00  .257843750000E+03 -.206661959212E+01 -.889108463508E-08
     .558594696283E-09  .100000000000E+01  .178100000000E+04  .000000000000E+00
     .200000000000E+01  .000000000000E+00 -.172294676304E-07  .610000000000E+02
     .410418000000E+06  .000000000000E+00  .000000000000E+00  .000000000000E+00
23 14 02 28  0  0  0.0  .269152224064E-06 -.318323145621E-11  .000000000000E+00
     .500000000000E+02 -.535937500000E+02  .508771192362E-08 -.108916246275E+01
    -.288896262646E-05  .894238601904E-02  .672787427902E-05  .515357796669E+04
     .432000000000E+06  .158324837685E-06  .203248774717E+01 -.298023223877E-07
     .952338191040E+00  .240156250000E+03 -.280410286989E+01 -.837213444729E-08
    -.420374653149E-09  .100000000000E+01  .178100000000E+04  .000000000000E+00
     .200000000000E+01  .000000000000E+00 -.200234353542E-07  .500000000000E+02
     .424818000000E+06  .000000000000E+00  .000000000000E+00  .000000000000E+00
24 14 02 27 22  0  0.0 -.240928493440E-04 -.682121026330E-12  .000000000000E+00
     .450000000000E+02  .462500000000E+02  .435732435719E-08 -.279841374825E+01
     .240653753281E-05  .193108373787E-02  .138841569424E-04  .515362810516E+04
     .424800000000E+06 -.633299350739E-07  .305916515762E+01 -.372529029846E-07
     .957764174677E+00  .111000000000E+03  .215604919187E+00 -.785246994404E-08
    -.113219001740E-09  .100000000000E+01  .178100000000E+04  .000000000000E+00
     .200000000000E+01  .000000000000E+00  .325962901115E-08  .450000000000E+02
     .417618000000E+06  .000000000000E+00  .000000000000E+00  .000000000000E+00
25 14 02 28  0  0  0.0  .165230594575E-04  .170530256582E-11  .000000000000E+00
     .660000000000E+02  .109718750000E+03  .452483133453E-08  .239883580923E+01
     .561773777008E-05  .323168572504E-02  .438652932644E-05  .515364587021E+04
     .432000000000E+06 -.108033418655E-06 -.217100312439E+01 -.298023223877E-07
     .975434136027E+00  .301031250000E+03  .610496173388E+00 -.825355807954E-08
     .391087718945E-09  .100000000000E+01  .178100000000E+04  .000000000000E+00
     .200000000000E+01  .000000000000E+00  .558793544769E-08  .660000000000E+02
     .424818000000E+06  .000000000000E+00  .000000000000E+00  .000000000000E+00
26 14 02 27 20  0  0.0  .152889639139E-03 -.108002495836E-10  .000000000000E+00
     .600000000000E+02 -.704687500000E+02  .447590072495E-08  .302696995580E+01
    -.374205410481E-05  .214705975959E-01  .802241265774E-05  .515368288040E+04
     .417600000000E+06  .219792127609E-06  .211917628610E+01 -.301748514175E-06
     .975593544358E+00  .228406250000E+03  .126529983003E+01 -.774710841245E-08
    -.623240246172E-09  .100000000000E+01  .178100000000E+04  .000000000000E+00
     .200000000000E+01  .000000000000E+00 -.605359673500E-08  .600000000000E+02
     .410418000000E+06  .000000000000E+00  .000000000000E+00  .000000000000E+00
27 14 02 27 23 59 44.0 -.196988694370E-04 -.682121026330E-12  .000000000000E+00
     .200000000000E+01 -.110781250000E+03  .471912514193E-08  .202601176432E+00
    -.593252480030E-05  .838337349705E-03  .430084764957E-05  .515367335701E+04
     .431984000000E+06 -.391155481339E-07 -.112238409763E+01  .223517417908E-07
     .962330516929E+00  .294093750000E+03  .435732841679E-01 -.844713757147E-08
    -.569666586043E-09  .100000000000E+01  .178100000000E+04  .000000000000E+00
     .200000000000E+01  .000000000000E+00  .186264514923E-08  .200000000000E+01
     .431538000000E+06  .000000000000E+00  .000000000000E+00  .000000000000E+00
28 14 02 27 20  0  0.0  .335825607181E-03  .295585778076E-11  .000000000000E+00
     .540000000000E+02  .891250000000E+02  .432946605392E-08 -.120620186171E+01
     .489316880703E-05  .192403448746E-01  .357069075108E-05  .515366128540E+04
     .417600000000E+06 -.124797224998E-06 -.210505859559E+01  .476837158203E-06
     .985764337476E+00  .326437500000E+03 -.172158444855E+01 -.842392231875E-08
     .221794952936E-09  .100000000000E+01  .178100000000E+04  .000000000000E+00
     .200000000000E+01  .000000000000E+00 -.107102096081E-07  .540000000000E+02
     .410418000000E+06  .000000000000E+00  .000000000000E+00  .000000000000E+00
29 14 02 28  0  0  0.0  .514352228492E-03  .284217094304E-11  .000000000000E+00
     .310000000000E+02 -.113937500000E+03  .451625954891E-08  .295169833385E+01
    -.597350299358E-05  .165530887898E-02  .447407364845E-05  .515374765968E+04
     .432000000000E+06 -.186264514923E-08 -.106839148081E+01 -.521540641785E-07
     .968378272933E+00  .297187500000E+03 -.992584735127E+00 -.826998733531E-08
    -.534307970357E-09  .100000000000E+01  .178100000000E+04  .000000000000E+00
     .200000000000E+01  .000000000000E+00 -.931322574615E-08  .310000000000E+02
     .424818000000E+06  .000000000000E+00  .000000000000E+00  .000000000000E+00
30 14 02 28  0  0  0.0 -.202096998692E-06  .477484718431E-11  .000000000000E+00
     .240000000000E+02  .608437500000E+02  .414910139816E-08 -.579130775281E+00
     .319443643093E-05  .189718208276E-03  .132266432047E-04  .518049802017E+04
     .432000000000E+06 -.167638063431E-07 -.313556853834E+01 -.223517417908E-07
     .959894310674E+00  .120343750000E+03 -.298593764184E+01 -.757745848870E-08
     .607168148133E-11  .100000000000E+01  .178100000000E+04  .000000000000E+00
     .280000000000E+01  .630000000000E+02  .512227416039E-08  .240000000000E+02
     .424818000000E+06  .000000000000E+00  .000000000000E+00  .000000000000E+00
31 14 02 28  0  0  0.0  .333533156663E-03  .227373675443E-12  .000000000000E+00
     .720000000000E+02  .542187500000E+02  .383301680339E-08 -.280577528808E+01
     .292062759399E-05  .819574529305E-02  .135488808155E-04  .515379264450E+04
     .432000000000E+06 -.707805156708E-07  .309799341433E+01  .111758708954E-06
     .979337397494E+00  .128937500000E+03 -.649352241636E+00 -.749388357890E-08
    -.453590322429E-10  .100000000000E+01  .178100000000E+04  .000000000000E+00
     .200000000000E+01  .000000000000E+00 -.130385160446E-07  .720000000000E+02
     .424818000000E+06  .000000000000E+00  .000000000000E+00  .000000000000E+00
32 14 02 27 22  0  0.0 -.478167552501E-03  .682121026330E-11  .000000000000E+00
     .120000000000E+02  .496875000000E+02  .520700260684E-08  .309287030740E+01
     .268407166004E-05  .114670060575E-01  .521540641785E-05  .515348933601E+04
     .424800000000E+06 -.139698386192E-06  .105980679078E+01  .540167093277E-07
     .947902923322E+00  .270812500000E+03 -.178479566413E+00 -.837356307823E-08
     .542165440510E-09  .100000000000E+01  .178100000000E+04  .000000000000E+00
     .200000000000E+01  .000000000000E+00 -.325962901115E-08  .120000000000E+02
     .417618000000E+06  .000000000000E+00  .000000000000E+00  .000000000000E+00